Clear

New Circuit.ieee123_Reduced bus1=150 basekv=4.16 pu=1 R1=0 X1=0.0001 R0=0 X0=0.0001
New Line.149_1 Phases=3 bus1=149.1.2.3 bus2=1.1.2.3 Units=km Length=0.4 Rmatrix=[0.0866666669884    0.0295454549903    0.0290719699951| 0.0295454549903    0.0883712120085    0.0299242420064| 0.0290719699951    0.0299242420064     0.087405303006|] Xmatrix=[ 0.204166667001    0.0950189390015    0.0728977270016| 0.0950189390015     0.198522726991    0.0802272729977| 0.0728977270016    0.0802272729977        0.201723485|] Cmatrix=[0                  0                  0| 0                  0                  0| 0                  0                  0|]
New Line.1_7 Phases=3 bus1=1.1.2.3 bus2=7.1.2.3 Units=km Length=0.3 Rmatrix=[0.086666667        0.029545455         0.02907197| 0.029545455        0.088371212        0.029924242|  0.02907197        0.029924242        0.087405303|] Xmatrix=[0.204166667        0.095018939        0.072897727| 0.095018939        0.198522727        0.080227273| 0.072897727        0.080227273        0.201723485|] Cmatrix=[0                  0                  0| 0                  0                  0| 0                  0                  0|]
New Line.1_2 Phases=1 bus1=1.2 bus2=2.2 Units=km Length=0.175 Rmatrix=0.25174242 Xmatrix=0.25520833 Cmatrix=0
New Line.1_3 Phases=1 bus1=1.3 bus2=3.3 Units=km Length=0.25 Rmatrix=0.25174242 Xmatrix=0.25520833 Cmatrix=0
New Line.3_4 Phases=1 bus1=3.3 bus2=4.3 Units=km Length=0.2 Rmatrix=0.25174242 Xmatrix=0.25520833 Cmatrix=0
New Line.3_5 Phases=1 bus1=3.3 bus2=5.3 Units=km Length=0.325 Rmatrix=0.25174242 Xmatrix=0.25520833 Cmatrix=0
New Line.7_8 Phases=3 bus1=7.1.2.3 bus2=8.1.2.3 Units=km Length=0.2 Rmatrix=[0.086666667        0.029545455         0.02907197| 0.029545455        0.088371212        0.029924242|  0.02907197        0.029924242        0.087405303|] Xmatrix=[0.204166667        0.095018939        0.072897727| 0.095018939        0.198522727        0.080227273| 0.072897727        0.080227273        0.201723485|] Cmatrix=[0                  0                  0| 0                  0                  0| 0                  0                  0|]
New Line.5_6 Phases=1 bus1=5.3 bus2=6.3 Units=km Length=0.25 Rmatrix=0.25174242 Xmatrix=0.25520833 Cmatrix=0
New Line.8_9 Phases=1 bus1=8.1 bus2=9.1 Units=km Length=0.225 Rmatrix=0.25174242 Xmatrix=0.25520833 Cmatrix=0
New Line.8_13 Phases=3 bus1=8.1.2.3 bus2=13.1.2.3 Units=km Length=0.3 Rmatrix=[0.0866666669475    0.0295454549878    0.0290719699952| 0.0295454549878    0.0883712119794    0.0299242420021| 0.0290719699952    0.0299242420021    0.0874053029879|] Xmatrix=[ 0.204166667012    0.0950189390084    0.0728977270095| 0.0950189390084     0.198522727025    0.0802272730094| 0.0728977270095    0.0802272730094     0.201723485017|] Cmatrix=[0                  0                  0| 0                  0                  0| 0                  0                  0|]
New Line.8_12 Phases=1 bus1=8.2 bus2=12.2 Units=km Length=0.225 Rmatrix=0.25174242 Xmatrix=0.25520833 Cmatrix=0
New Line.13_18 Phases=3 bus1=13.1.2.3 bus2=18.1.2.3 Units=km Length=0.825 Rmatrix=[0.0883701706396     0.029923848351    0.0295444739947|  0.029923848351    0.0874049878073    0.0290707228781| 0.0295444739947    0.0290707228781    0.0866653772752|] Xmatrix=[  0.19852187928    0.0802264632328    0.0950172623618| 0.0802264632328     0.201722601956    0.0728965576264| 0.0950172623618    0.0728965576264     0.204164398887|] Cmatrix=[0                  0                  0| 0                  0                  0| 0                  0                  0|]
New Line.13_152 Phases=3 bus1=13.1.2.3 bus2=152.1.2.3 Units=km Length=0.001 Rmatrix=[0.001                  0                  0|     0              0.001                  0|     0                  0   0.00100000000003|] Xmatrix=[0                  0                  0| 0                  0                  0| 0                  0                  0|] Cmatrix=[0                  0                  0| 0                  0                  0| 0                  0                  0|]
New Line.13_34 Phases=1 bus1=13.3 bus2=34.3 Units=km Length=0.15 Rmatrix=0.25174242 Xmatrix=0.25520833 Cmatrix=0
New Line.9r_14 Phases=1 bus1=9r.1 bus2=14.1 Units=km Length=0.425 Rmatrix=0.25174242 Xmatrix=0.25520833 Cmatrix=0
New Line.14_11 Phases=1 bus1=14.1 bus2=11.1 Units=km Length=0.25 Rmatrix=0.25174242 Xmatrix=0.25520833 Cmatrix=0
New Line.14_10 Phases=1 bus1=14.1 bus2=10.1 Units=km Length=0.25 Rmatrix=0.25174242 Xmatrix=0.25520833 Cmatrix=0
New Line.34_15 Phases=1 bus1=34.3 bus2=15.3 Units=km Length=0.1 Rmatrix=0.25174242 Xmatrix=0.25520833 Cmatrix=0
New Line.18_19 Phases=1 bus1=18.1 bus2=19.1 Units=km Length=0.25 Rmatrix=0.25174242 Xmatrix=0.25520833 Cmatrix=0
New Line.18_21 Phases=3 bus1=18.1.2.3 bus2=21.1.2.3 Units=km Length=0.3 Rmatrix=[0.0883712119959    0.0299242399916    0.0295454550044| 0.0299242399916    0.0874053029893    0.0290719699602| 0.0295454550044    0.0290719699602    0.0866666669489|] Xmatrix=[ 0.198522727021    0.0802272730033    0.0950189390037| 0.0802272730033     0.201723484983    0.0728977270087| 0.0950189390037    0.0728977270087     0.204166667036|] Cmatrix=[0                  0                  0| 0                  0                  0| 0                  0                  0|]
New Line.18_135 Phases=3 bus1=18.1.2.3 bus2=135.1.2.3 Units=km Length=0.001 Rmatrix=[0.000999999999973                  0                  0|                 0  0.000999999999973                  0|                 0                  0   0.00100000000003|] Xmatrix=[0                  0                  0| 0                  0                  0| 0                  0                  0|] Cmatrix=[0                  0                  0| 0                  0                  0| 0                  0                  0|]
New Line.15_16 Phases=1 bus1=15.3 bus2=16.3 Units=km Length=0.375 Rmatrix=0.25174242 Xmatrix=0.25520833 Cmatrix=0
New Line.15_17 Phases=1 bus1=15.3 bus2=17.3 Units=km Length=0.35 Rmatrix=0.25174242 Xmatrix=0.25520833 Cmatrix=0
New Line.19_20 Phases=1 bus1=19.1 bus2=20.1 Units=km Length=0.325 Rmatrix=0.25174242 Xmatrix=0.25520833 Cmatrix=0
New Line.21_23 Phases=3 bus1=21.1.2.3 bus2=23.1.2.3 Units=km Length=0.25 Rmatrix=[0.088371212         0.02992424        0.029545455|  0.02992424        0.087405303         0.02907197| 0.029545455         0.02907197        0.086666667|] Xmatrix=[0.198522727        0.080227273        0.095018939| 0.080227273        0.201723485        0.072897727| 0.095018939        0.072897727        0.204166667|] Cmatrix=[0                  0                  0| 0                  0                  0| 0                  0                  0|]
New Line.21_22 Phases=1 bus1=21.2 bus2=22.2 Units=km Length=0.525 Rmatrix=0.25174242 Xmatrix=0.25520833 Cmatrix=0
New Line.23_25 Phases=3 bus1=23.1.2.3 bus2=25.1.2.3 Units=km Length=0.275 Rmatrix=[0.0883712119999         0.02992424    0.0295454549998|      0.02992424        0.087405303    0.0290719699999| 0.0295454549998    0.0290719699999    0.0866666669996|] Xmatrix=[    0.198522727        0.080227273    0.0950189389998|     0.080227273        0.201723485    0.0728977269999| 0.0950189389998    0.0728977269999        0.204166667|] Cmatrix=[0                  0                  0| 0                  0                  0| 0                  0                  0|]
New Line.23_24 Phases=1 bus1=23.3 bus2=24.3 Units=km Length=0.55 Rmatrix=0.25174242 Xmatrix=0.25520833 Cmatrix=0
New Line.25_28 Phases=3 bus1=25.1.2.3 bus2=28.1.2.3 Units=km Length=0.2 Rmatrix=[0.088371212         0.02992424        0.029545455|  0.02992424        0.087405303    0.0290719700001| 0.029545455    0.0290719700001    0.0866666670001|] Xmatrix=[    0.198522727        0.080227273    0.0950189389999|     0.080227273        0.201723485    0.0728977270001| 0.0950189389999    0.0728977270001        0.204166667|] Cmatrix=[0                  0                  0| 0                  0                  0| 0                  0                  0|]
New Line.25r_26 Phases=2 bus1=25r.1.3 bus2=26.1.3 Units=km Length=0.35 Rmatrix=[0.0866666669999         0.02907197|      0.02907197    0.0874053029998|] Xmatrix=[0.204166667        0.072897727| 0.072897727        0.201723485|] Cmatrix=[0                  0| 0                  0|]
New Line.26_27 Phases=2 bus1=26.1.3 bus2=27.1.3 Units=km Length=0.275 Rmatrix=[0.086666667         0.02907197|  0.02907197        0.087405303|] Xmatrix=[0.204166667        0.072897727| 0.072897727        0.201723485|] Cmatrix=[0                  0| 0                  0|]
New Line.26_31 Phases=1 bus1=26.3 bus2=31.3 Units=km Length=0.225 Rmatrix=0.25174242 Xmatrix=0.25520833 Cmatrix=0
New Line.28_29 Phases=3 bus1=28.1.2.3 bus2=29.1.2.3 Units=km Length=0.3 Rmatrix=[0.088371212         0.02992424        0.029545455|  0.02992424        0.087405303         0.02907197| 0.029545455         0.02907197        0.086666667|] Xmatrix=[0.198522727        0.080227273        0.095018939| 0.080227273        0.201723485        0.072897727| 0.095018939        0.072897727        0.204166667|] Cmatrix=[0                  0                  0| 0                  0                  0| 0                  0                  0|]
New Line.27_33 Phases=1 bus1=27.1 bus2=33.1 Units=km Length=0.5 Rmatrix=0.25174242 Xmatrix=0.25520833 Cmatrix=0
New Line.31_32 Phases=1 bus1=31.3 bus2=32.3 Units=km Length=0.3 Rmatrix=0.25174242 Xmatrix=0.25520833 Cmatrix=0
New Line.29_30 Phases=3 bus1=29.1.2.3 bus2=30.1.2.3 Units=km Length=0.35 Rmatrix=[0.088371212         0.02992424        0.029545455|  0.02992424        0.087405303         0.02907197| 0.029545455         0.02907197        0.086666667|] Xmatrix=[0.198522727        0.080227273        0.095018939| 0.080227273        0.201723485        0.072897727| 0.095018939        0.072897727        0.204166667|] Cmatrix=[0                  0                  0| 0                  0                  0| 0                  0                  0|]
New Line.30_250 Phases=3 bus1=30.1.2.3 bus2=250.1.2.3 Units=km Length=0.2 Rmatrix=[0.088371212         0.02992424        0.029545455|  0.02992424        0.087405303         0.02907197| 0.029545455         0.02907197        0.086666667|] Xmatrix=[0.198522727        0.080227273        0.095018939| 0.080227273        0.201723485        0.072897727| 0.095018939        0.072897727        0.204166667|] Cmatrix=[0                  0                  0| 0                  0                  0| 0                  0                  0|]
New Line.35_36 Phases=2 bus1=35.1.2 bus2=36.1.2 Units=km Length=0.65 Rmatrix=[0.086666667         0.02907197|  0.02907197        0.087405303|] Xmatrix=[0.204166667        0.072897727| 0.072897727        0.201723485|] Cmatrix=[0                  0| 0                  0|]
New Line.35_40 Phases=3 bus1=35.1.2.3 bus2=40.1.2.3 Units=km Length=0.25 Rmatrix=[0.086666667        0.029545455         0.02907197| 0.029545455        0.088371212        0.029924242|  0.02907197        0.029924242        0.087405303|] Xmatrix=[0.204166667        0.095018939        0.072897727| 0.095018939        0.198522727        0.080227273| 0.072897727        0.080227273        0.201723485|] Cmatrix=[0                  0                  0| 0                  0                  0| 0                  0                  0|]
New Line.36_37 Phases=1 bus1=36.1 bus2=37.1 Units=km Length=0.3 Rmatrix=0.25174242 Xmatrix=0.25520833 Cmatrix=0
New Line.36_38 Phases=1 bus1=36.2 bus2=38.2 Units=km Length=0.25 Rmatrix=0.25174242 Xmatrix=0.25520833 Cmatrix=0
New Line.40_42 Phases=3 bus1=40.1.2.3 bus2=42.1.2.3 Units=km Length=0.25 Rmatrix=[0.086666667        0.029545455         0.02907197| 0.029545455        0.088371212        0.029924242|  0.02907197        0.029924242        0.087405303|] Xmatrix=[0.204166667        0.095018939        0.072897727| 0.095018939        0.198522727        0.080227273| 0.072897727        0.080227273        0.201723485|] Cmatrix=[0                  0                  0| 0                  0                  0| 0                  0                  0|]
New Line.40_41 Phases=1 bus1=40.3 bus2=41.3 Units=km Length=0.325 Rmatrix=0.25174242 Xmatrix=0.25520833 Cmatrix=0
New Line.38_39 Phases=1 bus1=38.2 bus2=39.2 Units=km Length=0.325 Rmatrix=0.25174242 Xmatrix=0.25520833 Cmatrix=0
New Line.42_44 Phases=3 bus1=42.1.2.3 bus2=44.1.2.3 Units=km Length=0.2 Rmatrix=[0.086666667        0.029545455         0.02907197| 0.029545455        0.088371212        0.029924242|  0.02907197        0.029924242        0.087405303|] Xmatrix=[0.204166667        0.095018939        0.072897727| 0.095018939        0.198522727        0.080227273| 0.072897727        0.080227273        0.201723485|] Cmatrix=[0                  0                  0| 0                  0                  0| 0                  0                  0|]
New Line.42_43 Phases=1 bus1=42.2 bus2=43.2 Units=km Length=0.5 Rmatrix=0.25174242 Xmatrix=0.25520833 Cmatrix=0
New Line.44_45 Phases=1 bus1=44.1 bus2=45.1 Units=km Length=0.2 Rmatrix=0.25174242 Xmatrix=0.25520833 Cmatrix=0
New Line.44_47 Phases=3 bus1=44.1.2.3 bus2=47.1.2.3 Units=km Length=0.25 Rmatrix=[0.086666667        0.029545455         0.02907197| 0.029545455        0.088371212        0.029924242|  0.02907197        0.029924242        0.087405303|] Xmatrix=[0.204166667        0.095018939        0.072897727| 0.095018939        0.198522727        0.080227273| 0.072897727        0.080227273        0.201723485|] Cmatrix=[0                  0                  0| 0                  0                  0| 0                  0                  0|]
New Line.45_46 Phases=1 bus1=45.1 bus2=46.1 Units=km Length=0.3 Rmatrix=0.25174242 Xmatrix=0.25520833 Cmatrix=0
New Line.47_48 Phases=3 bus1=47.1.2.3 bus2=48.1.2.3 Units=km Length=0.15 Rmatrix=[0.087405303        0.029924242         0.02907197| 0.029924242        0.088371212        0.029545455|  0.02907197        0.029545455        0.086666667|] Xmatrix=[0.201723485        0.080227273        0.072897727| 0.080227273        0.198522727        0.095018939| 0.072897727        0.095018939        0.204166667|] Cmatrix=[0                  0                  0| 0                  0                  0| 0                  0                  0|]
New Line.47_49 Phases=3 bus1=47.1.2.3 bus2=49.1.2.3 Units=km Length=0.25 Rmatrix=[0.087405303        0.029924242         0.02907197| 0.029924242        0.088371212        0.029545455|  0.02907197        0.029545455        0.086666667|] Xmatrix=[0.201723485        0.080227273        0.072897727| 0.080227273        0.198522727        0.095018939| 0.072897727        0.095018939        0.204166667|] Cmatrix=[0                  0                  0| 0                  0                  0| 0                  0                  0|]
New Line.49_50 Phases=3 bus1=49.1.2.3 bus2=50.1.2.3 Units=km Length=0.25 Rmatrix=[0.087405303        0.029924242         0.02907197| 0.029924242        0.088371212        0.029545455|  0.02907197        0.029545455        0.086666667|] Xmatrix=[0.201723485        0.080227273        0.072897727| 0.080227273        0.198522727        0.095018939| 0.072897727        0.095018939        0.204166667|] Cmatrix=[0                  0                  0| 0                  0                  0| 0                  0                  0|]
New Line.50_51 Phases=3 bus1=50.1.2.3 bus2=51.1.2.3 Units=km Length=0.25 Rmatrix=[0.087405303        0.029924242         0.02907197| 0.029924242        0.088371212        0.029545455|  0.02907197        0.029545455        0.086666667|] Xmatrix=[0.201723485        0.080227273        0.072897727| 0.080227273        0.198522727        0.095018939| 0.072897727        0.095018939        0.204166667|] Cmatrix=[0                  0                  0| 0                  0                  0| 0                  0                  0|]
New Line.51_151 Phases=3 bus1=51.1.2.3 bus2=151.1.2.3 Units=km Length=0.5 Rmatrix=[ 0.087405302902    0.0299242419389    0.0290719700256| 0.0299242419389    0.0883712118732     0.029545455037| 0.0290719700256     0.029545455037    0.0866666670641|] Xmatrix=[ 0.201723485051    0.0802272730374    0.0728977269849| 0.0802272730374     0.198522727058    0.0950189389807| 0.0728977269849    0.0950189389807     0.204166666925|] Cmatrix=[0                  0                  0| 0                  0                  0| 0                  0                  0|]
New Line.151_300_open Phases=3 bus1=151.1.2.3 bus2=300_open.1.2.3 Units=km Length=0.001 Rmatrix=[0.000999999999862                  0                  0|                 0  0.000999999999917                  0|                 0                  0   0.00100000000003|] Xmatrix=[0                  0                  0| 0                  0                  0| 0                  0                  0|] Cmatrix=[0                  0                  0| 0                  0                  0| 0                  0                  0|]
New Line.52_53 Phases=3 bus1=52.1.2.3 bus2=53.1.2.3 Units=km Length=0.2 Rmatrix=[0.086666667        0.029545455         0.02907197| 0.029545455        0.088371212        0.029924242|  0.02907197        0.029924242        0.087405303|] Xmatrix=[0.204166667        0.095018939        0.072897727| 0.095018939        0.198522727        0.080227273| 0.072897727        0.080227273        0.201723485|] Cmatrix=[0                  0                  0| 0                  0                  0| 0                  0                  0|]
New Line.53_54 Phases=3 bus1=53.1.2.3 bus2=54.1.2.3 Units=km Length=0.125 Rmatrix=[0.0866666670044    0.0295454550076    0.0290719699998| 0.0295454550076    0.0883712120037    0.0299242419997| 0.0290719699998    0.0299242419997    0.0874053029999|] Xmatrix=[    0.204166667    0.0950189389926    0.0728977270035| 0.0950189389926     0.198522726997    0.0802272730016| 0.0728977270035    0.0802272730016     0.201723485001|] Cmatrix=[0                  0                  0| 0                  0                  0| 0                  0                  0|]
New Line.54_55 Phases=3 bus1=54.1.2.3 bus2=55.1.2.3 Units=km Length=0.275 Rmatrix=[0.0866666669821    0.0295454549911    0.0290719699935| 0.0295454549911     0.088371212003    0.0299242420024| 0.0290719699935    0.0299242420024        0.087405303|] Xmatrix=[ 0.204166667021    0.0950189390086    0.0728977270073| 0.0950189390086        0.198522727    0.0802272730002| 0.0728977270073    0.0802272730002        0.201723485|] Cmatrix=[0                  0                  0| 0                  0                  0| 0                  0                  0|]
New Line.54_57 Phases=3 bus1=54.1.2.3 bus2=57.1.2.3 Units=km Length=0.35 Rmatrix=[0.0874053030187    0.0290719700072    0.0299242420083| 0.0290719700072    0.0866666670033    0.0295454550034| 0.0299242420083    0.0295454550034    0.0883712120043|] Xmatrix=[ 0.201723484952    0.0728977269831    0.0802272729817| 0.0728977269831     0.204166667007    0.0950189390075| 0.0802272729817    0.0950189390075     0.198522727003|] Cmatrix=[0                  0                  0| 0                  0                  0| 0                  0                  0|]
New Line.54_94_open Phases=1 bus1=54.1 bus2=94_open.1 Units=km Length=0.001 Rmatrix=0.001 Xmatrix=0 Cmatrix=0
New Line.55_56 Phases=3 bus1=55.1.2.3 bus2=56.1.2.3 Units=km Length=0.275 Rmatrix=[0.086666667        0.029545455         0.02907197| 0.029545455        0.088371212        0.029924242|  0.02907197        0.029924242        0.087405303|] Xmatrix=[0.204166667        0.095018939        0.072897727| 0.095018939        0.198522727        0.080227273| 0.072897727        0.080227273        0.201723485|] Cmatrix=[0                  0                  0| 0                  0                  0| 0                  0                  0|]
New Line.57_60 Phases=3 bus1=57.1.2.3 bus2=60.1.2.3 Units=km Length=0.75 Rmatrix=[0.0874053028504    0.0290719699942    0.0299242420167| 0.0290719699942    0.0866666669918    0.0295454550389| 0.0299242420167    0.0295454550389    0.0883712120431|] Xmatrix=[ 0.201723485004    0.0728977270257    0.0802272729755| 0.0728977270257     0.204166667033    0.0950189389817| 0.0802272729755    0.0950189389817     0.198522726961|] Cmatrix=[0                  0                  0| 0                  0                  0| 0                  0                  0|]
New Line.57_58 Phases=1 bus1=57.2 bus2=58.2 Units=km Length=0.25 Rmatrix=0.25174242 Xmatrix=0.25520833 Cmatrix=0
New Line.58_59 Phases=1 bus1=58.2 bus2=59.2 Units=km Length=0.25 Rmatrix=0.25174242 Xmatrix=0.25520833 Cmatrix=0
New Line.60_61 Phases=3 bus1=60.1.2.3 bus2=61.1.2.3 Units=km Length=0.55 Rmatrix=[0.0883743920205    0.0295467791206    0.0299254566859| 0.0295467791206    0.0866672929889    0.0290725652618| 0.0299254566859    0.0290725652618    0.0874057104944|] Xmatrix=[  0.19852351627    0.0950195527928    0.0802276808412| 0.0950195527928     0.204166978209    0.0728979119462| 0.0802276808412    0.0728979119462     0.201723735676|] Cmatrix=[0                  0                  0| 0                  0                  0| 0                  0                  0|]
New Line.60_62 Phases=3 bus1=60.1.2.3 bus2=62.1.2.3 Units=km Length=0.25 Rmatrix=[ 0.288049241993    0.0984469699591     0.093257575977| 0.0984469699591     0.290321970042    0.0984469700375|  0.093257575977    0.0984469700375     0.288049241883|] Xmatrix=[ 0.142443182094    0.0525568180953    0.0408522730733| 0.0525568180953      0.13564393895    0.0525568179336| 0.0408522730733    0.0525568179336     0.142443181972|] Cmatrix=[0                  0                  0| 0                  0                  0| 0                  0                  0|]
New Line.60_160 Phases=3 bus1=60.1.2.3 bus2=160.1.2.3 Units=km Length=0.001 Rmatrix=[0.000999999999973                  0                  0|                 0   0.00100000000003                  0|                 0                  0   0.00100000000003|] Xmatrix=[0                  0                  0| 0                  0                  0| 0                  0                  0|] Cmatrix=[0                  0                  0| 0                  0                  0| 0                  0                  0|]
New Line.61_61s Phases=3 bus1=61.1.2.3 bus2=61s.1.2.3 Units=km Length=0.001 Rmatrix=[0.000999999999966                  0                  0|                 0   0.00100000000002                  0|                 0                  0   0.00100000000003|] Xmatrix=[0                  0                  0| 0                  0                  0| 0                  0                  0|] Cmatrix=[0                  0                  0| 0                  0                  0| 0                  0                  0|]
New Line.62_63 Phases=3 bus1=62.1.2.3 bus2=63.1.2.3 Units=km Length=0.175 Rmatrix=[0.288049242         0.09844697        0.093257576|  0.09844697         0.29032197         0.09844697| 0.093257576         0.09844697        0.288049242|] Xmatrix=[0.142443182        0.052556818        0.040852273| 0.052556818        0.135643939        0.052556818| 0.040852273        0.052556818        0.142443182|] Cmatrix=[0                  0                  0| 0                  0                  0| 0                  0                  0|]
New Line.63_64 Phases=3 bus1=63.1.2.3 bus2=64.1.2.3 Units=km Length=0.35 Rmatrix=[0.288049242         0.09844697        0.093257576|  0.09844697         0.29032197         0.09844697| 0.093257576         0.09844697        0.288049242|] Xmatrix=[0.142443182        0.052556818        0.040852273| 0.052556818        0.135643939        0.052556818| 0.040852273        0.052556818        0.142443182|] Cmatrix=[0                  0                  0| 0                  0                  0| 0                  0                  0|]
New Line.64_65 Phases=3 bus1=64.1.2.3 bus2=65.1.2.3 Units=km Length=0.425 Rmatrix=[0.288049242         0.09844697        0.093257576|  0.09844697         0.29032197         0.09844697| 0.093257576         0.09844697        0.288049242|] Xmatrix=[0.142443182        0.052556818        0.040852273| 0.052556818        0.135643939        0.052556818| 0.040852273        0.052556818        0.142443182|] Cmatrix=[0                  0                  0| 0                  0                  0| 0                  0                  0|]
New Line.65_66 Phases=3 bus1=65.1.2.3 bus2=66.1.2.3 Units=km Length=0.325 Rmatrix=[0.288049242         0.09844697        0.093257576|  0.09844697         0.29032197         0.09844697| 0.093257576         0.09844697        0.288049242|] Xmatrix=[0.142443182        0.052556818        0.040852273| 0.052556818        0.135643939        0.052556818| 0.040852273        0.052556818        0.142443182|] Cmatrix=[0                  0                  0| 0                  0                  0| 0                  0                  0|]
New Line.67_68 Phases=1 bus1=67.1 bus2=68.1 Units=km Length=0.2 Rmatrix=0.25174242 Xmatrix=0.25520833 Cmatrix=0
New Line.67_72 Phases=3 bus1=67.1.2.3 bus2=72.1.2.3 Units=km Length=0.275 Rmatrix=[0.087405303         0.02907197        0.029924242|  0.02907197        0.086666667        0.029545455| 0.029924242        0.029545455        0.088371212|] Xmatrix=[0.201723485        0.072897727        0.080227273| 0.072897727        0.204166667        0.095018939| 0.080227273        0.095018939        0.198522727|] Cmatrix=[0                  0                  0| 0                  0                  0| 0                  0                  0|]
New Line.67_97 Phases=3 bus1=67.1.2.3 bus2=97.1.2.3 Units=km Length=0.25 Rmatrix=[0.0874053030408    0.0290719700305    0.0299242420322| 0.0290719700305    0.0866666670264    0.0295454550234| 0.0299242420322    0.0295454550234    0.0883712120439|] Xmatrix=[ 0.201723484929    0.0728977269856    0.0802272729755| 0.0728977269856     0.204166666983    0.0950189389723| 0.0802272729755    0.0950189389723     0.198522726942|] Cmatrix=[0                  0                  0| 0                  0                  0| 0                  0                  0|]
New Line.68_69 Phases=1 bus1=68.1 bus2=69.1 Units=km Length=0.275 Rmatrix=0.25174242 Xmatrix=0.25520833 Cmatrix=0
New Line.72_76 Phases=3 bus1=72.1.2.3 bus2=76.1.2.3 Units=km Length=0.2 Rmatrix=[0.087405303         0.02907197        0.029924242|  0.02907197        0.086666667        0.029545455| 0.029924242        0.029545455        0.088371212|] Xmatrix=[0.201723485        0.072897727        0.080227273| 0.072897727        0.204166667        0.095018939| 0.080227273        0.095018939        0.198522727|] Cmatrix=[0                  0                  0| 0                  0                  0| 0                  0                  0|]
New Line.72_73 Phases=1 bus1=72.3 bus2=73.3 Units=km Length=0.275 Rmatrix=0.25174242 Xmatrix=0.25520833 Cmatrix=0
New Line.97_98 Phases=3 bus1=97.1.2.3 bus2=98.1.2.3 Units=km Length=0.275 Rmatrix=[0.0874053029825    0.0290719700015    0.0299242419918| 0.0290719700015    0.0866666670264     0.029545455008| 0.0299242419918     0.029545455008    0.0883712120101|] Xmatrix=[ 0.201723485031    0.0728977269998    0.0802272730089| 0.0728977269998     0.204166666978    0.0950189390032| 0.0802272730089    0.0950189390032     0.198522727007|] Cmatrix=[0                  0                  0| 0                  0                  0| 0                  0                  0|]
New Line.97_197 Phases=3 bus1=97.1.2.3 bus2=197.1.2.3 Units=km Length=0.001 Rmatrix=[0.00100000000004                  0                  0|                0  0.000999999999981                  0|                0                  0  0.000999999999982|] Xmatrix=[0                  0                  0| 0                  0                  0| 0                  0                  0|] Cmatrix=[0                  0                  0| 0                  0                  0| 0                  0                  0|]
New Line.69_70 Phases=1 bus1=69.1 bus2=70.1 Units=km Length=0.325 Rmatrix=0.25174242 Xmatrix=0.25520833 Cmatrix=0
New Line.70_71 Phases=1 bus1=70.1 bus2=71.1 Units=km Length=0.275 Rmatrix=0.25174242 Xmatrix=0.25520833 Cmatrix=0
New Line.73_74 Phases=1 bus1=73.3 bus2=74.3 Units=km Length=0.35 Rmatrix=0.25174242 Xmatrix=0.25520833 Cmatrix=0
New Line.76_77 Phases=3 bus1=76.1.2.3 bus2=77.1.2.3 Units=km Length=0.4 Rmatrix=[0.086666667         0.02907197        0.029545455|  0.02907197        0.087405303        0.029924242| 0.029545455        0.029924242        0.088371212|] Xmatrix=[0.204166667        0.072897727        0.095018939| 0.072897727        0.201723485        0.080227273| 0.095018939        0.080227273        0.198522727|] Cmatrix=[0                  0                  0| 0                  0                  0| 0                  0                  0|]
New Line.76_86 Phases=3 bus1=76.1.2.3 bus2=86.1.2.3 Units=km Length=0.7 Rmatrix=[0.087405303         0.02907197        0.029924242|  0.02907197        0.086666667        0.029545455| 0.029924242        0.029545455        0.088371212|] Xmatrix=[0.201723485        0.072897727        0.080227273| 0.072897727        0.204166667        0.095018939| 0.080227273        0.095018939        0.198522727|] Cmatrix=[0                  0                  0| 0                  0                  0| 0                  0                  0|]
New Line.74_75 Phases=1 bus1=74.3 bus2=75.3 Units=km Length=0.4 Rmatrix=0.25174242 Xmatrix=0.25520833 Cmatrix=0
New Line.77_78 Phases=3 bus1=77.1.2.3 bus2=78.1.2.3 Units=km Length=0.1 Rmatrix=[0.086666667         0.02907197        0.029545455|  0.02907197        0.087405303        0.029924242| 0.029545455        0.029924242        0.088371212|] Xmatrix=[0.204166667        0.072897727        0.095018939| 0.072897727        0.201723485        0.080227273| 0.095018939        0.080227273        0.198522727|] Cmatrix=[0                  0                  0| 0                  0                  0| 0                  0                  0|]
New Line.86_87 Phases=3 bus1=86.1.2.3 bus2=87.1.2.3 Units=km Length=0.45 Rmatrix=[0.086666667         0.02907197        0.029545455|  0.02907197        0.087405303        0.029924242| 0.029545455        0.029924242        0.088371212|] Xmatrix=[0.204166667        0.072897727        0.095018939| 0.072897727        0.201723485        0.080227273| 0.095018939        0.080227273        0.198522727|] Cmatrix=[0                  0                  0| 0                  0                  0| 0                  0                  0|]
New Line.78_79 Phases=3 bus1=78.1.2.3 bus2=79.1.2.3 Units=km Length=0.225 Rmatrix=[0.086666667         0.02907197        0.029545455|  0.02907197        0.087405303        0.029924242| 0.029545455        0.029924242        0.088371212|] Xmatrix=[0.204166667        0.072897727        0.095018939| 0.072897727        0.201723485        0.080227273| 0.095018939        0.080227273        0.198522727|] Cmatrix=[0                  0                  0| 0                  0                  0| 0                  0                  0|]
New Line.78_80 Phases=3 bus1=78.1.2.3 bus2=80.1.2.3 Units=km Length=0.475 Rmatrix=[0.086666667         0.02907197        0.029545455|  0.02907197        0.087405303        0.029924242| 0.029545455        0.029924242        0.088371212|] Xmatrix=[0.204166667        0.072897727        0.095018939| 0.072897727        0.201723485        0.080227273| 0.095018939        0.080227273        0.198522727|] Cmatrix=[0                  0                  0| 0                  0                  0| 0                  0                  0|]
New Line.80_81 Phases=3 bus1=80.1.2.3 bus2=81.1.2.3 Units=km Length=0.175 Rmatrix=[0.086666667         0.02907197        0.029545455|  0.02907197        0.087405303        0.029924242| 0.029545455        0.029924242        0.088371212|] Xmatrix=[0.204166667        0.072897727        0.095018939| 0.072897727        0.201723485        0.080227273| 0.095018939        0.080227273        0.198522727|] Cmatrix=[0                  0                  0| 0                  0                  0| 0                  0                  0|]
New Line.81_82 Phases=3 bus1=81.1.2.3 bus2=82.1.2.3 Units=km Length=0.25 Rmatrix=[0.086666667         0.02907197        0.029545455|  0.02907197        0.087405303        0.029924242| 0.029545455        0.029924242        0.088371212|] Xmatrix=[0.204166667        0.072897727        0.095018939| 0.072897727        0.201723485        0.080227273| 0.095018939        0.080227273        0.198522727|] Cmatrix=[0                  0                  0| 0                  0                  0| 0                  0                  0|]
New Line.81_84 Phases=1 bus1=81.3 bus2=84.3 Units=km Length=0.675 Rmatrix=0.25174242 Xmatrix=0.25520833 Cmatrix=0
New Line.82_83 Phases=3 bus1=82.1.2.3 bus2=83.1.2.3 Units=km Length=0.25 Rmatrix=[0.086666667         0.02907197        0.029545455|  0.02907197        0.087405303        0.029924242| 0.029545455        0.029924242        0.088371212|] Xmatrix=[0.204166667        0.072897727        0.095018939| 0.072897727        0.201723485        0.080227273| 0.095018939        0.080227273        0.198522727|] Cmatrix=[0                  0                  0| 0                  0                  0| 0                  0                  0|]
New Line.84_85 Phases=1 bus1=84.3 bus2=85.3 Units=km Length=0.475 Rmatrix=0.25174242 Xmatrix=0.25520833 Cmatrix=0
New Line.87_88 Phases=1 bus1=87.1 bus2=88.1 Units=km Length=0.175 Rmatrix=0.25174242 Xmatrix=0.25520833 Cmatrix=0
New Line.87_89 Phases=3 bus1=87.1.2.3 bus2=89.1.2.3 Units=km Length=0.275 Rmatrix=[0.086666667         0.02907197        0.029545455|  0.02907197        0.087405303        0.029924242| 0.029545455        0.029924242        0.088371212|] Xmatrix=[0.204166667        0.072897727        0.095018939| 0.072897727        0.201723485        0.080227273| 0.095018939        0.080227273        0.198522727|] Cmatrix=[0                  0                  0| 0                  0                  0| 0                  0                  0|]
New Line.89_91 Phases=3 bus1=89.1.2.3 bus2=91.1.2.3 Units=km Length=0.225 Rmatrix=[0.086666667         0.02907197        0.029545455|  0.02907197        0.087405303        0.029924242| 0.029545455        0.029924242        0.088371212|] Xmatrix=[0.204166667        0.072897727        0.095018939| 0.072897727        0.201723485        0.080227273| 0.095018939        0.080227273        0.198522727|] Cmatrix=[0                  0                  0| 0                  0                  0| 0                  0                  0|]
New Line.89_90 Phases=1 bus1=89.2 bus2=90.2 Units=km Length=0.25 Rmatrix=0.25174242 Xmatrix=0.25520833 Cmatrix=0
New Line.91_93 Phases=3 bus1=91.1.2.3 bus2=93.1.2.3 Units=km Length=0.225 Rmatrix=[0.086666667         0.02907197        0.029545455|  0.02907197        0.087405303        0.029924242| 0.029545455        0.029924242        0.088371212|] Xmatrix=[0.204166667        0.072897727        0.095018939| 0.072897727        0.201723485        0.080227273| 0.095018939        0.080227273        0.198522727|] Cmatrix=[0                  0                  0| 0                  0                  0| 0                  0                  0|]
New Line.91_92 Phases=1 bus1=91.3 bus2=92.3 Units=km Length=0.3 Rmatrix=0.25174242 Xmatrix=0.25520833 Cmatrix=0
New Line.93_94 Phases=1 bus1=93.1 bus2=94.1 Units=km Length=0.275 Rmatrix=0.25174242 Xmatrix=0.25520833 Cmatrix=0
New Line.93_95 Phases=3 bus1=93.1.2.3 bus2=95.1.2.3 Units=km Length=0.3 Rmatrix=[0.086666667         0.02907197        0.029545455|  0.02907197        0.087405303        0.029924242| 0.029545455        0.029924242        0.088371212|] Xmatrix=[0.204166667        0.072897727        0.095018939| 0.072897727        0.201723485        0.080227273| 0.095018939        0.080227273        0.198522727|] Cmatrix=[0                  0                  0| 0                  0                  0| 0                  0                  0|]
New Line.95_96 Phases=1 bus1=95.2 bus2=96.2 Units=km Length=0.2 Rmatrix=0.25174242 Xmatrix=0.25520833 Cmatrix=0
New Line.98_99 Phases=3 bus1=98.1.2.3 bus2=99.1.2.3 Units=km Length=0.55 Rmatrix=[0.087405303         0.02907197        0.029924242|  0.02907197        0.086666667        0.029545455| 0.029924242        0.029545455        0.088371212|] Xmatrix=[0.201723485        0.072897727        0.080227273| 0.072897727        0.204166667        0.095018939| 0.080227273        0.095018939        0.198522727|] Cmatrix=[0                  0                  0| 0                  0                  0| 0                  0                  0|]
New Line.99_100 Phases=3 bus1=99.1.2.3 bus2=100.1.2.3 Units=km Length=0.3 Rmatrix=[0.087405303         0.02907197        0.029924242|  0.02907197        0.086666667        0.029545455| 0.029924242        0.029545455        0.088371212|] Xmatrix=[0.201723485        0.072897727        0.080227273| 0.072897727        0.204166667        0.095018939| 0.080227273        0.095018939        0.198522727|] Cmatrix=[0                  0                  0| 0                  0                  0| 0                  0                  0|]
New Line.100_450 Phases=3 bus1=100.1.2.3 bus2=450.1.2.3 Units=km Length=0.8 Rmatrix=[0.087405303         0.02907197        0.029924242|  0.02907197        0.086666667        0.029545455| 0.029924242        0.029545455        0.088371212|] Xmatrix=[0.201723485        0.072897727        0.080227273| 0.072897727        0.204166667        0.095018939| 0.080227273        0.095018939        0.198522727|] Cmatrix=[0                  0                  0| 0                  0                  0| 0                  0                  0|]
New Line.197_101 Phases=3 bus1=197.1.2.3 bus2=101.1.2.3 Units=km Length=0.25 Rmatrix=[ 0.087405303065    0.0290719700474    0.0299242420412| 0.0290719700474    0.0866666669172    0.0295454549573| 0.0299242420412    0.0295454549573    0.0883712120652|] Xmatrix=[ 0.201723485003    0.0728977269882    0.0802272730081| 0.0728977269882     0.204166667058     0.095018939023| 0.0802272730081     0.095018939023     0.198522726979|] Cmatrix=[0                  0                  0| 0                  0                  0| 0                  0                  0|]
New Line.101_105 Phases=3 bus1=101.1.2.3 bus2=105.1.2.3 Units=km Length=0.275 Rmatrix=[0.087405303         0.02907197        0.029924242|  0.02907197        0.086666667        0.029545455| 0.029924242        0.029545455        0.088371212|] Xmatrix=[0.201723485        0.072897727        0.080227273| 0.072897727        0.204166667        0.095018939| 0.080227273        0.095018939        0.198522727|] Cmatrix=[0                  0                  0| 0                  0                  0| 0                  0                  0|]
New Line.101_102 Phases=1 bus1=101.3 bus2=102.3 Units=km Length=0.225 Rmatrix=0.25174242 Xmatrix=0.25520833 Cmatrix=0
New Line.102_103 Phases=1 bus1=102.3 bus2=103.3 Units=km Length=0.325 Rmatrix=0.25174242 Xmatrix=0.25520833 Cmatrix=0
New Line.105_108 Phases=3 bus1=105.1.2.3 bus2=108.1.2.3 Units=km Length=0.325 Rmatrix=[0.087405303         0.02907197        0.029924242|  0.02907197        0.086666667        0.029545455| 0.029924242        0.029545455        0.088371212|] Xmatrix=[0.201723485        0.072897727        0.080227273| 0.072897727        0.204166667        0.095018939| 0.080227273        0.095018939        0.198522727|] Cmatrix=[0                  0                  0| 0                  0                  0| 0                  0                  0|]
New Line.105_106 Phases=1 bus1=105.2 bus2=106.2 Units=km Length=0.225 Rmatrix=0.25174242 Xmatrix=0.25520833 Cmatrix=0
New Line.103_104 Phases=1 bus1=103.3 bus2=104.3 Units=km Length=0.7 Rmatrix=0.25174242 Xmatrix=0.25520833 Cmatrix=0
New Line.106_107 Phases=1 bus1=106.2 bus2=107.2 Units=km Length=0.575 Rmatrix=0.25174242 Xmatrix=0.25520833 Cmatrix=0
