Clear

New Circuit.IEEE8500_Reduced pu=1.05 R1=0 X1=0.001 R0=0 X0=0.001
New Line._hvmv_sub_lsb_hvmv_sub_48332 Phases=3 bus1=_hvmv_sub_lsb.1.2.3 bus2=hvmv_sub_48332.1.2.3 Units=km Length=0.001 Rmatrix=[0.000999999999981                  0                  0|                 0  0.000999999999979                  0|                 0                  0   0.00100000000001|] Xmatrix=[0.00999999999995                  0                  0|                0   0.00999999999988                  0|                0                  0    0.0100000000002|] Cmatrix=[0                  0                  0| 0                  0                  0| 0                  0                  0|]
New Line.hvmv_sub_48332_d5710794_3_int Phases=3 bus1=hvmv_sub_48332.1.2.3 bus2=d5710794_3_int.1.2.3 Units=km Length=0.019436038 Rmatrix=[ 0.214161999991    0.0557956999874    0.0571635999934| 0.0557956999874     0.212130999984    0.0560891999905| 0.0571635999934    0.0560891999905           0.214801|] Xmatrix=[0.634957000059     0.274870000047     0.246528000046| 0.274870000047     0.652375000073     0.290920000044| 0.246528000046     0.290920000044     0.629544000051|] Cmatrix=[0                  0                  0| 0                  0                  0| 0                  0                  0|]
New Line.m1009763_l2673322 Phases=1 bus1=m1009763.2 bus2=l2673322.2 Units=km Length=0.032175613 Rmatrix=1.67466 Xmatrix=0.93456 Cmatrix=0
New Line.m1009763_e182733 Phases=3 bus1=m1009763.1.2.3 bus2=e182733.1.2.3 Units=km Length=0.082687134 Rmatrix=[  1.6834           0.138324           0.142669| 0.138324            1.67686           0.139294| 0.142669           0.139294            1.68543|] Xmatrix=[  0.9273           0.432623           0.412253| 0.432623           0.932728           0.450469| 0.412253           0.450469           0.925637|] Cmatrix=[0                  0                  0| 0                  0                  0| 0                  0                  0|]
New Line.m1009763_l2766730 Phases=1 bus1=m1009763.2 bus2=l2766730.2 Units=km Length=0.024894507 Rmatrix=1.67466 Xmatrix=0.93456 Cmatrix=0
New Line.l2673322_l2859391 Phases=1 bus1=l2673322.2 bus2=l2859391.2 Units=km Length=0.04937834 Rmatrix=1.1223 Xmatrix=0.896365 Cmatrix=0
New Line.m1069148_l2673309 Phases=1 bus1=m1069148.3 bus2=l2673309.3 Units=km Length=0.10723408 Rmatrix=1.67466 Xmatrix=0.93456 Cmatrix=0
New Line.m1069148_l2785518 Phases=1 bus1=m1069148.3 bus2=l2785518.3 Units=km Length=0.027522384 Rmatrix=1.67466 Xmatrix=0.93456 Cmatrix=0
New Line.m1069588_l2804270 Phases=1 bus1=m1069588.2 bus2=l2804270.2 Units=km Length=0.011446341 Rmatrix=1.67466 Xmatrix=0.93456 Cmatrix=0
New Line.m1069588_m1069590 Phases=1 bus1=m1069588.2 bus2=m1069590.2 Units=km Length=0.11043884 Rmatrix=1.67466 Xmatrix=0.93456 Cmatrix=0
New Line.l2804270_l3104145 Phases=1 bus1=l2804270.2 bus2=l3104145.2 Units=km Length=0.088906626 Rmatrix=1.67466 Xmatrix=0.93456 Cmatrix=0
New Line.m3036164_l2935553 Phases=1 bus1=m3036164.2 bus2=l2935553.2 Units=km Length=0.047751634 Rmatrix=1.67466 Xmatrix=0.93456 Cmatrix=0
New Line.m3036164_l3085397 Phases=1 bus1=m3036164.2 bus2=l3085397.2 Units=km Length=0.16882667 Rmatrix=1.67466 Xmatrix=0.93456 Cmatrix=0
New Line.l2935553_m1026987 Phases=1 bus1=l2935553.2 bus2=m1026987.2 Units=km Length=0.13102515 Rmatrix=1.67723 Xmatrix=0.932411 Cmatrix=0
New Line.m1209749_l2748840 Phases=1 bus1=m1209749.2 bus2=l2748840.2 Units=km Length=0.20318135 Rmatrix=1.1223 Xmatrix=0.896365 Cmatrix=0
New Line.m1108264_m1108263 Phases=1 bus1=m1108264.2 bus2=m1108263.2 Units=km Length=0.099994301 Rmatrix=1.67723 Xmatrix=0.932411 Cmatrix=0
New Line.m1108263_n1142112 Phases=1 bus1=m1108263.2 bus2=n1142112.2 Units=km Length=0.11806677 Rmatrix=1.63382 Xmatrix=0.89683 Cmatrix=0
New Line.l3085398_m1026891 Phases=3 bus1=l3085398.1.2.3 bus2=m1026891.1.2.3 Units=km Length=0.085708298 Rmatrix=[  1.6834           0.138324           0.142669| 0.138324            1.67686           0.139294| 0.142669           0.139294            1.68543|] Xmatrix=[  0.9273           0.432623           0.412253| 0.432623           0.932728           0.450469| 0.412253           0.450469           0.925637|] Cmatrix=[0                  0                  0| 0                  0                  0| 0                  0                  0|]
New Line.m1026891_l3160102 Phases=3 bus1=m1026891.1.2.3 bus2=l3160102.1.2.3 Units=km Length=0.087272972 Rmatrix=[  1.6834           0.138324           0.142669| 0.138324            1.67686           0.139294| 0.142669           0.139294            1.68543|] Xmatrix=[  0.9273           0.432623           0.412253| 0.432623           0.932728           0.450469| 0.412253           0.450469     0.925637000002|] Cmatrix=[0                  0                  0| 0                  0                  0| 0                  0                  0|]
New Line.m1026891_n1147863 Phases=1 bus1=m1026891.3 bus2=n1147863.3 Units=km Length=0.009432757 Rmatrix=1.67466 Xmatrix=0.93456 Cmatrix=0
New Line.l3216367_m1069468 Phases=3 bus1=l3216367.1.2.3 bus2=m1069468.1.2.3 Units=km Length=0.04134682 Rmatrix=[ 0.66087           0.137499           0.142066| 0.137499           0.653999           0.138518| 0.142066           0.138518           0.663007|] Xmatrix=[0.869947           0.388579           0.366115| 0.388579           0.878528           0.405953| 0.366115           0.405953             0.8673|] Cmatrix=[0                  0                  0| 0                  0                  0| 0                  0                  0|]
New Line.m1069468_m1069464 Phases=3 bus1=m1069468.1.2.3 bus2=m1069464.1.2.3 Units=km Length=0.073122501 Rmatrix=[ 0.66087           0.137499           0.142066| 0.137499           0.653999     0.138518000001| 0.142066     0.138518000001           0.663007|] Xmatrix=[      0.869947     0.388579000001           0.366115| 0.388579000001     0.878528000002           0.405953|       0.366115           0.405953             0.8673|] Cmatrix=[0                  0                  0| 0                  0                  0| 0                  0                  0|]
New Line.m1069468_p827506 Phases=1 bus1=m1069468.1 bus2=p827506.1 Units=km Length=0.008514154 Rmatrix=1.67466 Xmatrix=0.93456 Cmatrix=0
New Line.m1142800_m1142799 Phases=1 bus1=m1142800.2 bus2=m1142799.2 Units=km Length=0.093302869 Rmatrix=1.1223 Xmatrix=0.896365 Cmatrix=0
New Line.m1142799_m1142798 Phases=1 bus1=m1142799.2 bus2=m1142798.2 Units=km Length=0.10077887 Rmatrix=1.1223 Xmatrix=0.896365 Cmatrix=0
New Line.m1047592_p827512 Phases=1 bus1=m1047592.3 bus2=p827512.3 Units=km Length=0.003656151 Rmatrix=1.67466 Xmatrix=0.93456 Cmatrix=0
New Line.m1047592_m3763619 Phases=3 bus1=m1047592.1.2.3 bus2=m3763619.1.2.3 Units=km Length=0.040091287 Rmatrix=[0.660869999999           0.137499     0.142065999999|       0.137499           0.653999           0.138518| 0.142065999999           0.138518           0.663007|] Xmatrix=[      0.869947           0.388579     0.366115000001|       0.388579           0.878528           0.405953| 0.366115000001           0.405953     0.867300000002|] Cmatrix=[0                  0                  0| 0                  0                  0| 0                  0                  0|]
New Line.p827512_n1136994 Phases=1 bus1=p827512.3 bus2=n1136994.3 Units=km Length=0.016077465 Rmatrix=1.67466 Xmatrix=0.93456 Cmatrix=0
New Line.m1047339_p895104 Phases=1 bus1=m1047339.1 bus2=p895104.1 Units=km Length=0.007739728 Rmatrix=1.63092 Xmatrix=0.861221 Cmatrix=0
New Line.m1047339_l2860491 Phases=3 bus1=m1047339.1.2.3 bus2=l2860491.1.2.3 Units=km Length=0.082877838 Rmatrix=[  1.6834           0.138324           0.142669| 0.138324            1.67686           0.139294| 0.142669           0.139294            1.68543|] Xmatrix=[0.927300000002           0.432623           0.412253|       0.432623           0.932728           0.450469|       0.412253           0.450469     0.925637000001|] Cmatrix=[0                  0                  0| 0                  0                  0| 0                  0                  0|]
New Line.p895104_n1139537 Phases=1 bus1=p895104.1 bus2=n1139537.1 Units=km Length=0.01423113 Rmatrix=1.63092 Xmatrix=0.861221 Cmatrix=0
New Line.m1026915_m1026920 Phases=3 bus1=m1026915.1.2.3 bus2=m1026920.1.2.3 Units=km Length=0.04084655 Rmatrix=[ 1.68626           0.141078           0.145566| 0.141078            1.12824            0.14208| 0.145566            0.14208             1.1371|] Xmatrix=[      0.924966     0.430358999998           0.409898| 0.430358999998     0.933764999995     0.448184999998|       0.409898     0.448184999998           0.926495|] Cmatrix=[0                  0                  0| 0                  0                  0| 0                  0                  0|]
New Line.m1026915_m1026916 Phases=1 bus1=m1026915.2 bus2=m1026916.2 Units=km Length=0.003048982 Rmatrix=1.1223 Xmatrix=0.896365 Cmatrix=0
New Line.m1026920_m1026926 Phases=3 bus1=m1026920.1.2.3 bus2=m1026926.1.2.3 Units=km Length=0.093921268 Rmatrix=[ 1.68626           0.141078           0.145566| 0.141078            1.12824            0.14208| 0.145566            0.14208             1.1371|] Xmatrix=[0.924965999997     0.430358999999     0.409898000001| 0.430358999999           0.933765     0.448185000001| 0.409898000001     0.448185000001           0.926495|] Cmatrix=[0                  0                  0| 0                  0                  0| 0                  0                  0|]
New Line.m1026920_l2729408 Phases=1 bus1=m1026920.2 bus2=l2729408.2 Units=km Length=0.024236541 Rmatrix=1.1223 Xmatrix=0.896365 Cmatrix=0
New Line.n1138596_l3254207 Phases=1 bus1=n1138596.1 bus2=l3254207.1 Units=km Length=0.024491351 Rmatrix=1.67466 Xmatrix=0.93456 Cmatrix=0
New Line.l3254207_m1069390 Phases=1 bus1=l3254207.1 bus2=m1069390.1 Units=km Length=0.070889737 Rmatrix=1.67466 Xmatrix=0.93456 Cmatrix=0
New Line.m1069464_p873787 Phases=1 bus1=m1069464.2 bus2=p873787.2 Units=km Length=0.006235546 Rmatrix=1.1223 Xmatrix=0.896365 Cmatrix=0
New Line.m1069464_m1069461 Phases=3 bus1=m1069464.1.2.3 bus2=m1069461.1.2.3 Units=km Length=0.080336373 Rmatrix=[ 0.66087           0.137499           0.142066| 0.137499           0.653999           0.138518| 0.142066           0.138518           0.663007|] Xmatrix=[0.869947           0.388579           0.366115| 0.388579     0.878527999999           0.405953| 0.366115           0.405953             0.8673|] Cmatrix=[0                  0                  0| 0                  0                  0| 0                  0                  0|]
New Line.p873787_m1069463 Phases=1 bus1=p873787.2 bus2=m1069463.2 Units=km Length=0.014773005 Rmatrix=1.1223 Xmatrix=0.896365 Cmatrix=0
New Line.n1144665_m1047515 Phases=3 bus1=n1144665.1.2.3 bus2=m1047515.1.2.3 Units=km Length=0.02738852 Rmatrix=[ 1.68626           0.141078           0.145566| 0.141078             1.6795            0.14208| 0.145566            0.14208            1.68836|] Xmatrix=[0.924966           0.430359           0.409898| 0.430359           0.930531           0.448185| 0.409898           0.448185           0.923261|] Cmatrix=[0                  0                  0| 0                  0                  0| 0                  0                  0|]
New Line.m1047515_m1047513 Phases=3 bus1=m1047515.1.2.3 bus2=m1047513.1.2.3 Units=km Length=0.11268739 Rmatrix=[  1.6834           0.138324           0.142669| 0.138324            1.67686           0.139294| 0.142669           0.139294            1.68543|] Xmatrix=[  0.9273           0.432623           0.412253| 0.432623           0.932728           0.450469| 0.412253           0.450469           0.925637|] Cmatrix=[0                  0                  0| 0                  0                  0| 0                  0                  0|]
New Line.n1137002_m1047707 Phases=1 bus1=n1137002.1 bus2=m1047707.1 Units=km Length=0.092480965 Rmatrix=1.1223 Xmatrix=0.896365 Cmatrix=0
New Line.m1047707_l3159645 Phases=1 bus1=m1047707.1 bus2=l3159645.1 Units=km Length=0.002342158 Rmatrix=1.1223 Xmatrix=0.896365 Cmatrix=0
New Line.l2729406_l2897768 Phases=1 bus1=l2729406.3 bus2=l2897768.3 Units=km Length=0.19477261 Rmatrix=1.67466 Xmatrix=0.93456 Cmatrix=0
New Line.l3649301_l3649302 Phases=1 bus1=l3649301.1 bus2=l3649302.1 Units=km Length=0.063060497 Rmatrix=1.1223 Xmatrix=0.896365 Cmatrix=0
New Line.l3649302_l3649304 Phases=1 bus1=l3649302.1 bus2=l3649304.1 Units=km Length=0.062760591 Rmatrix=1.1223 Xmatrix=0.896365 Cmatrix=0
New Line.l2970842_m1089113 Phases=1 bus1=l2970842.2 bus2=m1089113.2 Units=km Length=0.071877523 Rmatrix=1.67466 Xmatrix=0.93456 Cmatrix=0
New Line.m1089113_m1089103 Phases=1 bus1=m1089113.2 bus2=m1089103.2 Units=km Length=0.44113502 Rmatrix=1.67466 Xmatrix=0.93456 Cmatrix=0
New Line.m1089113_l2691946 Phases=1 bus1=m1089113.2 bus2=l2691946.2 Units=km Length=0.076013507 Rmatrix=1.1223 Xmatrix=0.896365 Cmatrix=0
New Line.m1047312_p893163 Phases=1 bus1=m1047312.1 bus2=p893163.1 Units=km Length=0.004144648 Rmatrix=1.63124 Xmatrix=0.898979 Cmatrix=0
New Line.m1047312_n1137960 Phases=3 bus1=m1047312.1.2.3 bus2=n1137960.1.2.3 Units=km Length=0.015169217 Rmatrix=[ 1.68626           0.141078           0.145566| 0.141078             1.6795            0.14208| 0.145566            0.14208            1.68836|] Xmatrix=[0.924966           0.430359           0.409898| 0.430359           0.930531           0.448185| 0.409898           0.448185           0.923261|] Cmatrix=[0                  0                  0| 0                  0                  0| 0                  0                  0|]
New Line.p893163_m1047314 Phases=1 bus1=p893163.1 bus2=m1047314.1 Units=km Length=0.003926085 Rmatrix=1.63124 Xmatrix=0.898979 Cmatrix=0
New Line.l2822871_m1026872 Phases=3 bus1=l2822871.1.2.3 bus2=m1026872.1.2.3 Units=km Length=0.060144485 Rmatrix=[ 0.66087           0.137499           0.142066| 0.137499           0.653999           0.138518| 0.142066           0.138518           0.663007|] Xmatrix=[0.869947           0.388579           0.366115| 0.388579           0.878528           0.405953| 0.366115           0.405953             0.8673|] Cmatrix=[0                  0                  0| 0                  0                  0| 0                  0                  0|]
New Line.m1026872_d5502543_2_int Phases=3 bus1=m1026872.1.2.3 bus2=d5502543_2_int.1.2.3 Units=km Length=0.091211804 Rmatrix=[0.660869999995     0.137499000001     0.142066000001| 0.137499000001           0.653999     0.138518000003| 0.142066000001     0.138518000003     0.663007000003|] Xmatrix=[0.869947000011     0.388578999995     0.366115000003| 0.388578999995     0.878527999997     0.405953000005| 0.366115000003     0.405953000005     0.867300000007|] Cmatrix=[0                  0                  0| 0                  0                  0| 0                  0                  0|]
New Line.m1026312_l2973163 Phases=1 bus1=m1026312.2 bus2=l2973163.2 Units=km Length=0.053487035 Rmatrix=1.67723 Xmatrix=0.932411 Cmatrix=0
New Line.l2973163_m1026309 Phases=1 bus1=l2973163.2 bus2=m1026309.2 Units=km Length=0.085882629 Rmatrix=1.67466 Xmatrix=0.93456 Cmatrix=0
New Line.l3728038_l3728039 Phases=1 bus1=l3728038.1 bus2=l3728039.1 Units=km Length=0.079108815 Rmatrix=1.1223 Xmatrix=0.896365 Cmatrix=0
New Line.l3728039_l3728040 Phases=1 bus1=l3728039.1 bus2=l3728040.1 Units=km Length=0.060347674 Rmatrix=1.1223 Xmatrix=0.896365 Cmatrix=0
New Line.m1069567_m1069582 Phases=1 bus1=m1069567.2 bus2=m1069582.2 Units=km Length=0.1529554 Rmatrix=1.67466 Xmatrix=0.93456 Cmatrix=0
New Line.m1069567_l2691966 Phases=1 bus1=m1069567.2 bus2=l2691966.2 Units=km Length=0.082046856 Rmatrix=1.67466 Xmatrix=0.93456 Cmatrix=0
New Line.m1069582_l2973171 Phases=1 bus1=m1069582.2 bus2=l2973171.2 Units=km Length=0.026225465 Rmatrix=1.1223 Xmatrix=0.896365 Cmatrix=0
New Line.m1069582_l2933165 Phases=1 bus1=m1069582.2 bus2=l2933165.2 Units=km Length=0.063075385 Rmatrix=1.67466 Xmatrix=0.93456 Cmatrix=0
New Line.m1069582_d6231996_1_int Phases=1 bus1=m1069582.2 bus2=d6231996_1_int.2 Units=km Length=0.024681061 Rmatrix=1.67466 Xmatrix=0.93456 Cmatrix=0
New Line.n1140830_l3216351 Phases=1 bus1=n1140830.1 bus2=l3216351.1 Units=km Length=0.00873965 Rmatrix=1.67466 Xmatrix=0.93456 Cmatrix=0
New Line.l3216351_l2879081 Phases=1 bus1=l3216351.1 bus2=l2879081.1 Units=km Length=0.031697757 Rmatrix=1.67466 Xmatrix=0.93456 Cmatrix=0
New Line.l2952007_l2861158 Phases=1 bus1=l2952007.3 bus2=l2861158.3 Units=km Length=0.12654648 Rmatrix=1.67466 Xmatrix=0.93456 Cmatrix=0
New Line.n1140827_m1026726 Phases=3 bus1=n1140827.1.2.3 bus2=m1026726.1.2.3 Units=km Length=0.017268995 Rmatrix=[  1.6834           0.138324           0.142669| 0.138324            1.67686           0.139294| 0.142669           0.139294            1.68543|] Xmatrix=[  0.9273           0.432623           0.412253| 0.432623           0.932728           0.450469| 0.412253           0.450469           0.925637|] Cmatrix=[0                  0                  0| 0                  0                  0| 0                  0                  0|]
New Line.m1026726_l2814529 Phases=3 bus1=m1026726.1.2.3 bus2=l2814529.1.2.3 Units=km Length=0.039576611 Rmatrix=[ 1.13148           0.137499           0.142066| 0.137499            1.12461           0.138518| 0.142066           0.138518            1.13362|] Xmatrix=[0.884886           0.388579           0.366115| 0.388579           0.893467           0.405953| 0.366115           0.405953           0.882239|] Cmatrix=[0                  0                  0| 0                  0                  0| 0                  0                  0|]
New Line.m1026726_l2916610 Phases=1 bus1=m1026726.2 bus2=l2916610.2 Units=km Length=0.065808439 Rmatrix=1.6773 Xmatrix=0.932059 Cmatrix=0
New Line.m1026726_l2876847 Phases=1 bus1=m1026726.2 bus2=l2876847.2 Units=km Length=0.072881573 Rmatrix=1.67466 Xmatrix=0.93456 Cmatrix=0
New Line.l2730106_n1142099 Phases=3 bus1=l2730106.1.2.3 bus2=n1142099.1.2.3 Units=km Length=0.022369032 Rmatrix=[0.270019           0.109951           0.113538| 0.109951           0.264634           0.110747| 0.113538           0.110747           0.271698|] Xmatrix=[0.695974            0.33351           0.308271|  0.33351           0.708729           0.350259| 0.308271           0.350259           0.692021|] Cmatrix=[0                  0                  0| 0                  0                  0| 0                  0                  0|]
New Line.n1142099_n1142100 Phases=3 bus1=n1142099.1.2.3 bus2=n1142100.1.2.3 Units=km Length=0.034874672 Rmatrix=[0.270019           0.109951           0.113538| 0.109951           0.264634           0.110747| 0.113538           0.110747           0.271698|] Xmatrix=[0.695974            0.33351           0.308271|  0.33351           0.708729           0.350259| 0.308271           0.350259           0.692021|] Cmatrix=[0                  0                  0| 0                  0                  0| 0                  0                  0|]
New Line.m1026658_l3172805 Phases=1 bus1=m1026658.1 bus2=l3172805.1 Units=km Length=0.10668036 Rmatrix=1.1223 Xmatrix=0.896365 Cmatrix=0
New Line.m1026658_m1026655 Phases=3 bus1=m1026658.1.2.3 bus2=m1026655.1.2.3 Units=km Length=0.071404206 Rmatrix=[ 1.63999           0.138324           0.142669| 0.138324            1.63344           0.139294| 0.142669           0.139294            1.64202|] Xmatrix=[0.891719           0.432623           0.412253| 0.432623     0.897146000001     0.450469000001| 0.412253     0.450469000001     0.890056000003|] Cmatrix=[0                  0                  0| 0                  0                  0| 0                  0                  0|]
New Line.p895112_l3048962 Phases=1 bus1=p895112.1 bus2=l3048962.1 Units=km Length=0.025604159 Rmatrix=1.12339 Xmatrix=0.937794 Cmatrix=0
New Line.l2991914_m1047503 Phases=3 bus1=l2991914.1.2.3 bus2=m1047503.1.2.3 Units=km Length=0.035650057 Rmatrix=[  1.6834           0.138324           0.142669| 0.138324            1.67686           0.139294| 0.142669           0.139294            1.68543|] Xmatrix=[  0.9273           0.432623           0.412253| 0.432623           0.932728           0.450469| 0.412253           0.450469           0.925637|] Cmatrix=[0                  0                  0| 0                  0                  0| 0                  0                  0|]
New Line.m1047503_l2841635 Phases=3 bus1=m1047503.1.2.3 bus2=l2841635.1.2.3 Units=km Length=0.023766378 Rmatrix=[  1.6834           0.138324           0.142669| 0.138324            1.67686           0.139294| 0.142669           0.139294            1.68543|] Xmatrix=[  0.9273           0.432623           0.412253| 0.432623           0.932728           0.450469| 0.412253           0.450469           0.925637|] Cmatrix=[0                  0                  0| 0                  0                  0| 0                  0                  0|]
New Line.m1047751_l2973154 Phases=1 bus1=m1047751.1 bus2=l2973154.1 Units=km Length=0.00930772 Rmatrix=1.67466 Xmatrix=0.93456 Cmatrix=0
New Line.l2973154_l2879069 Phases=1 bus1=l2973154.1 bus2=l2879069.1 Units=km Length=0.064089636 Rmatrix=1.67466 Xmatrix=0.93456 Cmatrix=0
New Line.l3010565_l2897775 Phases=1 bus1=l3010565.3 bus2=l2897775.3 Units=km Length=0.14082596 Rmatrix=1.1223 Xmatrix=0.896365 Cmatrix=0
New Line.m1125955_m1125957 Phases=1 bus1=m1125955.3 bus2=m1125957.3 Units=km Length=0.00682612 Rmatrix=1.63382 Xmatrix=0.89683 Cmatrix=0
New Line.m1125955_l3236004 Phases=1 bus1=m1125955.3 bus2=l3236004.3 Units=km Length=0.11286033 Rmatrix=1.63382 Xmatrix=0.89683 Cmatrix=0
New Line.m1125957_l2936211 Phases=1 bus1=m1125957.3 bus2=l2936211.3 Units=km Length=0.037860101 Rmatrix=1.63382 Xmatrix=0.89683 Cmatrix=0
New Line.m1069640_l2804269 Phases=1 bus1=m1069640.2 bus2=l2804269.2 Units=km Length=0.10114503 Rmatrix=1.67466 Xmatrix=0.93456 Cmatrix=0
New Line.m1069640_l3160113 Phases=1 bus1=m1069640.2 bus2=l3160113.2 Units=km Length=0.094142779 Rmatrix=1.1223 Xmatrix=0.896365 Cmatrix=0
New Line.l2804269_l2989564 Phases=1 bus1=l2804269.2 bus2=l2989564.2 Units=km Length=0.062072526 Rmatrix=1.67466 Xmatrix=0.93456 Cmatrix=0
New Line.m1026702_n1139551 Phases=3 bus1=m1026702.1.2.3 bus2=n1139551.1.2.3 Units=km Length=0.12873466 Rmatrix=[ 1.68626           0.141078           0.145566| 0.141078             1.6795            0.14208| 0.145566            0.14208            1.68836|] Xmatrix=[      0.924966           0.430359     0.409897999999|       0.430359     0.930531000001           0.448185| 0.409897999999           0.448185           0.923261|] Cmatrix=[0                  0                  0| 0                  0                  0| 0                  0                  0|]
New Line.m1026702_l2729414 Phases=3 bus1=m1026702.1.2.3 bus2=l2729414.1.2.3 Units=km Length=0.049898074 Rmatrix=[ 1.13148           0.137499           0.142066| 0.137499            1.12461           0.138518| 0.142066           0.138518            1.13362|] Xmatrix=[0.884886           0.388579           0.366115| 0.388579           0.893467           0.405953| 0.366115           0.405953           0.882239|] Cmatrix=[0                  0                  0| 0                  0                  0| 0                  0                  0|]
New Line.n1139551_m1026695 Phases=3 bus1=n1139551.1.2.3 bus2=m1026695.1.2.3 Units=km Length=0.022589219 Rmatrix=[ 1.68626           0.141078           0.145566| 0.141078             1.6795            0.14208| 0.145566            0.14208            1.68836|] Xmatrix=[0.924966           0.430359           0.409898| 0.430359           0.930531           0.448185| 0.409898           0.448185     0.923260999999|] Cmatrix=[0                  0                  0| 0                  0                  0| 0                  0                  0|]
New Line.n1136355_l2783231 Phases=1 bus1=n1136355.2 bus2=l2783231.2 Units=km Length=0.072454801 Rmatrix=1.63382 Xmatrix=0.89683 Cmatrix=0
New Line.l2783231_l3254227 Phases=1 bus1=l2783231.2 bus2=l3254227.2 Units=km Length=0.15193956 Rmatrix=1.63382 Xmatrix=0.89683 Cmatrix=0
New Line.l2748143_l3251854 Phases=1 bus1=l2748143.1 bus2=l3251854.1 Units=km Length=0.067056078 Rmatrix=1.1223 Xmatrix=0.896365 Cmatrix=0
New Line.m1069610_m1069600 Phases=1 bus1=m1069610.2 bus2=m1069600.2 Units=km Length=0.060959705 Rmatrix=1.1223 Xmatrix=0.896365 Cmatrix=0
New Line.m1069610_l2991929 Phases=1 bus1=m1069610.2 bus2=l2991929.2 Units=km Length=0.045811507 Rmatrix=1.1223 Xmatrix=0.896365 Cmatrix=0
New Line.m1069600_l3102793 Phases=1 bus1=m1069600.2 bus2=l3102793.2 Units=km Length=0.057912138 Rmatrix=1.1223 Xmatrix=0.896365 Cmatrix=0
New Line.m1069424_l2935549 Phases=3 bus1=m1069424.1.2.3 bus2=l2935549.1.2.3 Units=km Length=0.088596305 Rmatrix=[ 0.66087           0.137499           0.142066| 0.137499           0.653999           0.138518| 0.142066           0.138518           0.663007|] Xmatrix=[0.869947           0.388579           0.366115| 0.388579           0.878528           0.405953| 0.366115           0.405953             0.8673|] Cmatrix=[0                  0                  0| 0                  0                  0| 0                  0                  0|]
New Line.m1069424_n1139255 Phases=1 bus1=m1069424.1 bus2=n1139255.1 Units=km Length=0.010667139 Rmatrix=1.1223 Xmatrix=0.896365 Cmatrix=0
New Line.l2935549_m1069420 Phases=3 bus1=l2935549.1.2.3 bus2=m1069420.1.2.3 Units=km Length=0.096022455 Rmatrix=[ 0.66087           0.137499           0.142066| 0.137499           0.653999           0.138518| 0.142066           0.138518           0.663007|] Xmatrix=[0.869947           0.388579           0.366115| 0.388579           0.878528           0.405953| 0.366115           0.405953             0.8673|] Cmatrix=[0                  0                  0| 0                  0                  0| 0                  0                  0|]
New Line.p895089_l3235242 Phases=1 bus1=p895089.3 bus2=l3235242.3 Units=km Length=0.060507038 Rmatrix=1.1223 Xmatrix=0.896365 Cmatrix=0
New Line.l3235242_m1089195 Phases=1 bus1=l3235242.3 bus2=m1089195.3 Units=km Length=0.13761906 Rmatrix=1.1223 Xmatrix=0.896365 Cmatrix=0
New Line.m1026795_n1140522 Phases=1 bus1=m1026795.3 bus2=n1140522.3 Units=km Length=0.013557509 Rmatrix=1.1223 Xmatrix=0.896365 Cmatrix=0
New Line.m1026795_m1026786 Phases=3 bus1=m1026795.1.2.3 bus2=m1026786.1.2.3 Units=km Length=0.073764865 Rmatrix=[ 1.68625999999     0.141078000002           0.145566| 0.141078000002             1.6795     0.142079999999|       0.145566     0.142079999999            1.68836|] Xmatrix=[      0.924966     0.430358999999     0.409897999994| 0.430358999999     0.930530999998     0.448185000002| 0.409897999994     0.448185000002     0.923260999999|] Cmatrix=[0                  0                  0| 0                  0                  0| 0                  0                  0|]
New Line.n1140522_l2822870 Phases=1 bus1=n1140522.3 bus2=l2822870.3 Units=km Length=0.015752827 Rmatrix=1.1223 Xmatrix=0.896365 Cmatrix=0
New Line.l3030199_m1125934 Phases=3 bus1=l3030199.1.2.3 bus2=m1125934.1.2.3 Units=km Length=0.029294768 Rmatrix=[0.270019           0.109951           0.113538| 0.109951           0.264634           0.110747| 0.113538           0.110747           0.271698|] Xmatrix=[0.695974            0.33351           0.308271|  0.33351           0.708729           0.350259| 0.308271           0.350259           0.692021|] Cmatrix=[0                  0                  0| 0                  0                  0| 0                  0                  0|]
New Line.m1125934_l2730163 Phases=3 bus1=m1125934.1.2.3 bus2=l2730163.1.2.3 Units=km Length=0.063376308 Rmatrix=[0.270019           0.109951           0.113538| 0.109951           0.264634           0.110747| 0.113538           0.110747           0.271698|] Xmatrix=[0.695974            0.33351           0.308271|  0.33351           0.708729           0.350259| 0.308271           0.350259           0.692021|] Cmatrix=[0                  0                  0| 0                  0                  0| 0                  0                  0|]
New Line.m1069189_l2860487 Phases=1 bus1=m1069189.3 bus2=l2860487.3 Units=km Length=0.086987129 Rmatrix=1.63382 Xmatrix=0.89683 Cmatrix=0
New Line.m1069189_m1069184 Phases=3 bus1=m1069189.1.2.3 bus2=m1069184.1.2.3 Units=km Length=0.025828657 Rmatrix=[ 1.64285           0.141078           0.145566| 0.141078            1.63609            0.14208| 0.145566            0.14208            1.64495|] Xmatrix=[0.889385           0.430359           0.409898| 0.430359            0.89495           0.448185| 0.409898           0.448185            0.88768|] Cmatrix=[0                  0                  0| 0                  0                  0| 0                  0                  0|]
New Line.221_312488_m1089183 Phases=3 bus1=221_312488.1.2.3 bus2=m1089183.1.2.3 Units=km Length=0.013516796 Rmatrix=[0.817573333334     0.266413333333     0.266413333333| 0.266413333333     0.817573333333     0.266413333333| 0.266413333333     0.266413333333     0.817573333333|] Xmatrix=[        0.27614    0.0753700000001    0.0753699999999| 0.0753700000001            0.27614    0.0753699999998| 0.0753699999999    0.0753699999998     0.276140000001|] Cmatrix=[0                  0                  0| 0                  0                  0| 0                  0                  0|]
New Line.m1089183_l2990826 Phases=3 bus1=m1089183.1.2.3 bus2=l2990826.1.2.3 Units=km Length=0.052078294 Rmatrix=[0.817573333333     0.266413333333     0.266413333333| 0.266413333333     0.817573333333     0.266413333333| 0.266413333333     0.266413333333     0.817573333333|] Xmatrix=[        0.27614            0.07537    0.0753699999999|         0.07537            0.27614    0.0753699999999| 0.0753699999999    0.0753699999999            0.27614|] Cmatrix=[0                  0                  0| 0                  0                  0| 0                  0                  0|]
New Line.m1108464_l3102286 Phases=1 bus1=m1108464.2 bus2=l3102286.2 Units=km Length=0.10745557 Rmatrix=0.95896 Xmatrix=0.54128 Cmatrix=0
New Line.l3102286_m1108433 Phases=1 bus1=l3102286.2 bus2=m1108433.2 Units=km Length=0.039047848 Rmatrix=0.95896 Xmatrix=0.54128 Cmatrix=0
New Line.f739845_293471 Phases=3 bus1=f739845.1.2.3 bus2=293471.1.2.3 Units=km Length=0.03048 Rmatrix=[ 1.68340000001     0.138323999999     0.142669000001| 0.138323999999            1.67686     0.139294000001| 0.142669000001     0.139294000001            1.68543|] Xmatrix=[0.927300000002           0.432623     0.412252999999|       0.432623     0.932728000005     0.450469000002| 0.412252999999     0.450469000002     0.925636999998|] Cmatrix=[0                  0                  0| 0                  0                  0| 0                  0                  0|]
New Line.p827499_n1139254 Phases=1 bus1=p827499.1 bus2=n1139254.1 Units=km Length=0.006376053 Rmatrix=1.67466 Xmatrix=0.93456 Cmatrix=0
New Line.n1139254_l3122811 Phases=1 bus1=n1139254.1 bus2=l3122811.1 Units=km Length=0.027610038 Rmatrix=1.67466 Xmatrix=0.93456 Cmatrix=0
New Line.m1026657_m1026656 Phases=1 bus1=m1026657.1 bus2=m1026656.1 Units=km Length=0.006010467 Rmatrix=1.67466 Xmatrix=0.93456 Cmatrix=0
New Line.m1026656_l2729428 Phases=1 bus1=m1026656.1 bus2=l2729428.1 Units=km Length=0.18657858 Rmatrix=1.67466 Xmatrix=0.93456 Cmatrix=0
New Line.m1108299_m1108300 Phases=1 bus1=m1108299.2 bus2=m1108300.2 Units=km Length=0.006796901 Rmatrix=1.67466 Xmatrix=0.93456 Cmatrix=0
New Line.m1108300_l2711234 Phases=1 bus1=m1108300.2 bus2=l2711234.2 Units=km Length=0.071107595 Rmatrix=1.67466 Xmatrix=0.93456 Cmatrix=0
New Line.l3198355_l2805037 Phases=1 bus1=l3198355.2 bus2=l2805037.2 Units=km Length=0.11081571 Rmatrix=1.63382 Xmatrix=0.89683 Cmatrix=0
New Line.n1137994_m1069484 Phases=1 bus1=n1137994.3 bus2=m1069484.3 Units=km Length=0.05637094 Rmatrix=1.63124 Xmatrix=0.898979 Cmatrix=0
New Line.m1069484_l2785517 Phases=1 bus1=m1069484.3 bus2=l2785517.3 Units=km Length=0.12453924 Rmatrix=1.63124 Xmatrix=0.898979 Cmatrix=0
New Line.l2860504_l2860493 Phases=1 bus1=l2860504.1 bus2=l2860493.1 Units=km Length=0.20838125 Rmatrix=1.1223 Xmatrix=0.896365 Cmatrix=0
New Line.l2860493_l3085403 Phases=1 bus1=l2860493.1 bus2=l3085403.1 Units=km Length=0.087609574 Rmatrix=1.1223 Xmatrix=0.896365 Cmatrix=0
New Line.m1026783_m1026780 Phases=3 bus1=m1026783.1.2.3 bus2=m1026780.1.2.3 Units=km Length=0.017916335 Rmatrix=[ 1.68626           0.141078           0.145566| 0.141078             1.6795            0.14208| 0.145566            0.14208            1.68836|] Xmatrix=[0.924965999999           0.430359           0.409898|       0.430359           0.930531           0.448185|       0.409898           0.448185     0.923260999998|] Cmatrix=[0                  0                  0| 0                  0                  0| 0                  0                  0|]
New Line.m1026783_n1140524 Phases=1 bus1=m1026783.1 bus2=n1140524.1 Units=km Length=0.029322117 Rmatrix=1.1223 Xmatrix=0.896365 Cmatrix=0
New Line.m1026783_m1026784 Phases=1 bus1=m1026783.3 bus2=m1026784.3 Units=km Length=0.008151386 Rmatrix=1.67466 Xmatrix=0.93456 Cmatrix=0
New Line.m1026780_m1026774 Phases=3 bus1=m1026780.1.2.3 bus2=m1026774.1.2.3 Units=km Length=0.10707341 Rmatrix=[ 1.68626           0.141078           0.145566| 0.141078             1.6795            0.14208| 0.145566            0.14208            1.68836|] Xmatrix=[0.924966           0.430359           0.409898| 0.430359           0.930531           0.448185| 0.409898           0.448185           0.923261|] Cmatrix=[0                  0                  0| 0                  0                  0| 0                  0                  0|]
New Line.p895111_l2895496 Phases=1 bus1=p895111.3 bus2=l2895496.3 Units=km Length=0.069855343 Rmatrix=1.1223 Xmatrix=0.896365 Cmatrix=0
New Line.l2895496_m1142873 Phases=1 bus1=l2895496.3 bus2=m1142873.3 Units=km Length=0.050561264 Rmatrix=1.1223 Xmatrix=0.896365 Cmatrix=0
New Line.n1140819_m1026700 Phases=3 bus1=n1140819.1.2.3 bus2=m1026700.1.2.3 Units=km Length=0.026930613 Rmatrix=[ 1.68626           0.141078           0.145566| 0.141078             1.6795            0.14208| 0.145566            0.14208            1.68836|] Xmatrix=[0.924966000001           0.430359           0.409898|       0.430359     0.930531000001           0.448185|       0.409898           0.448185     0.923261000001|] Cmatrix=[0                  0                  0| 0                  0                  0| 0                  0                  0|]
New Line.m1026700_m1026706 Phases=3 bus1=m1026700.1.2.3 bus2=m1026706.1.2.3 Units=km Length=0.08550029 Rmatrix=[       1.68626           0.141078     0.145566000001|       0.141078             1.6795     0.142080000002| 0.145566000001     0.142080000002      1.68836000001|] Xmatrix=[      0.924966     0.430359000001           0.409898| 0.430359000001     0.930530999999     0.448185000002|       0.409898     0.448185000002     0.923260999996|] Cmatrix=[0                  0                  0| 0                  0                  0| 0                  0                  0|]
New Line.m1026700_n1140823 Phases=3 bus1=m1026700.1.2.3 bus2=n1140823.1.2.3 Units=km Length=0.037008228 Rmatrix=[  1.6834           0.138324           0.142669| 0.138324            1.67686           0.139294| 0.142669           0.139294            1.68543|] Xmatrix=[        0.9273           0.432623     0.412252999999|       0.432623           0.932728           0.450469| 0.412252999999           0.450469     0.925637000002|] Cmatrix=[0                  0                  0| 0                  0                  0| 0                  0                  0|]
New Line.m1026700_n1140820 Phases=1 bus1=m1026700.2 bus2=n1140820.2 Units=km Length=0.02212507 Rmatrix=1.67466 Xmatrix=0.93456 Cmatrix=0
New Line.m1026700_n1140821 Phases=1 bus1=m1026700.3 bus2=n1140821.3 Units=km Length=0.011150478 Rmatrix=1.67357 Xmatrix=0.893131 Cmatrix=0
New Line.m1089173_l2935551 Phases=1 bus1=m1089173.3 bus2=l2935551.3 Units=km Length=0.060857652 Rmatrix=1.63382 Xmatrix=0.89683 Cmatrix=0
New Line.m1089173_m1089174 Phases=1 bus1=m1089173.3 bus2=m1089174.3 Units=km Length=0.029566075 Rmatrix=1.67723 Xmatrix=0.932411 Cmatrix=0
New Line.m1089173_l2673307 Phases=1 bus1=m1089173.3 bus2=l2673307.3 Units=km Length=0.084087684 Rmatrix=1.63382 Xmatrix=0.89683 Cmatrix=0
New Line.l2935551_d5746546_1_int Phases=1 bus1=l2935551.3 bus2=d5746546_1_int.3 Units=km Length=0.032040317 Rmatrix=1.63382 Xmatrix=0.89683 Cmatrix=0
New Line.m1026344_m1026364 Phases=1 bus1=m1026344.1 bus2=m1026364.1 Units=km Length=0.29464985 Rmatrix=1.1223 Xmatrix=0.896365 Cmatrix=0
New Line.m1026344_l2991919 Phases=1 bus1=m1026344.1 bus2=l2991919.1 Units=km Length=0.12915597 Rmatrix=1.63124 Xmatrix=0.898979 Cmatrix=0
New Line.m1026364_l3010570 Phases=1 bus1=m1026364.1 bus2=l3010570.1 Units=km Length=0.059756623 Rmatrix=1.1223 Xmatrix=0.896365 Cmatrix=0
New Line.l2879070_l3216345 Phases=3 bus1=l2879070.1.2.3 bus2=l3216345.1.2.3 Units=km Length=0.089300859 Rmatrix=[ 0.66087           0.137499           0.142066| 0.137499           0.653999           0.138518| 0.142066           0.138518           0.663007|] Xmatrix=[0.869947           0.388579           0.366115| 0.388579           0.878528           0.405953| 0.366115           0.405953             0.8673|] Cmatrix=[0                  0                  0| 0                  0                  0| 0                  0                  0|]
New Line.l3216345_m3768670 Phases=3 bus1=l3216345.1.2.3 bus2=m3768670.1.2.3 Units=km Length=0.075804756 Rmatrix=[ 0.66087           0.137499           0.142066| 0.137499           0.653999           0.138518| 0.142066           0.138518           0.663007|] Xmatrix=[0.869947           0.388579           0.366115| 0.388579           0.878528           0.405953| 0.366115           0.405953             0.8673|] Cmatrix=[0                  0                  0| 0                  0                  0| 0                  0                  0|]
New Line.m1069428_m1069424 Phases=3 bus1=m1069428.1.2.3 bus2=m1069424.1.2.3 Units=km Length=0.076660914 Rmatrix=[       0.66087     0.137499000001           0.142066| 0.137499000001           0.653999           0.138518|       0.142066           0.138518           0.663007|] Xmatrix=[0.869947           0.388579           0.366115| 0.388579     0.878528000001           0.405953| 0.366115           0.405953             0.8673|] Cmatrix=[0                  0                  0| 0                  0                  0| 0                  0                  0|]
New Line.m1069428_n1139257 Phases=1 bus1=m1069428.2 bus2=n1139257.2 Units=km Length=0.016476581 Rmatrix=1.03207 Xmatrix=0.801436 Cmatrix=0
New Line.m1069428_p827576 Phases=1 bus1=m1069428.2 bus2=p827576.2 Units=km Length=0.009510015 Rmatrix=1.1223 Xmatrix=0.896365 Cmatrix=0
New Line.n1139257_l3029518 Phases=1 bus1=n1139257.2 bus2=l3029518.2 Units=km Length=0.027258449 Rmatrix=1.03207 Xmatrix=0.801436 Cmatrix=0
New Line.l2991919_m1026361 Phases=1 bus1=l2991919.1 bus2=m1026361.1 Units=km Length=0.085291161 Rmatrix=1.63124 Xmatrix=0.898979 Cmatrix=0
New Line.m1026361_l3122825 Phases=1 bus1=m1026361.1 bus2=l3122825.1 Units=km Length=0.018467859 Rmatrix=1.03207 Xmatrix=0.801436 Cmatrix=0
New Line.m1026361_m1026366 Phases=1 bus1=m1026361.1 bus2=m1026366.1 Units=km Length=0.069964337 Rmatrix=1.63124 Xmatrix=0.898979 Cmatrix=0
New Line.n1147857_m1009742 Phases=1 bus1=n1147857.1 bus2=m1009742.1 Units=km Length=0.054752983 Rmatrix=1.67466 Xmatrix=0.93456 Cmatrix=0
New Line.m1009742_p901972 Phases=1 bus1=m1009742.1 bus2=p901972.1 Units=km Length=0.011964648 Rmatrix=1.63382 Xmatrix=0.89683 Cmatrix=0
